// 5x5 digits 0-9A-F. Digits are mirrored because rendering code will
// see them LSB-first.

11111
10001
10001
10001
11111

00110
00100
00100
00100
11111

11111
10000
11111
00001
11111

11111
10000
11111
10000
11111

10001
10001
11111
10000
10000

11111
00001
11111
1000
11111

11111
00001
11111
10001
11111

11111
10000
10000
10000
10000

11111
10001
11111
10001
11111

11111
10001
11111
10000
11111

01110
10001
11111
10001
10001

01111
10001
11111
10001
01111

01110
10001
00001
10001
01110

01111
10001
10001
10001
01111

11111
00001
01111
00001
11111

11111
00001
01111
00001
00001
